0.029803
-0.000747
-0.006929
0.066173
0.064052
-0.033449
-0.036092
0.149892
0.026801
0.036219
0.015785
0.195714
0.102552
0.127514
0.162978
0.141140
0.229302
0.161813
0.146047
0.190481
0.219295
0.288709
0.230239
0.143830
0.314038
0.345860
0.195331
0.307028
0.293229
0.333360
0.243097
0.274452
0.280227
0.294045
0.250951
0.293241
0.312929
0.288533
0.449006
0.350823
0.310712
0.489509
0.443586
0.453060
0.416666
0.428412
0.411706
0.420494
0.376774
0.468737
0.468464
0.471692
0.503296
0.413475
0.526040
0.605740
0.431927
0.558589
0.466639
0.636794
0.477911
0.655378
0.622937
0.671357
0.552321
0.678700
0.708650
0.703869
0.656643
0.547147
0.619552
0.669105
0.571232
0.732548
0.587258
0.761353
0.712289
0.767544
0.625768
0.631825
0.719514
0.802612
0.689038
0.658634
0.779638
0.672255
0.786377
0.712596
0.705593
0.741588
0.772737
0.719521
0.705435
0.789827
0.906179
0.899954
0.728546
0.749441
0.843188
0.848927
0.851994
0.933039
0.948988
0.863232
0.872637
0.834763
0.968653
0.975956
0.859911
0.787973
0.818540
0.805850
0.806318
0.938244
0.972306
0.866862
0.904976
0.987468
0.960156
0.849099
0.947964
0.919468
0.972075
1.036051
0.894184
0.908049
1.008620
0.957331
0.910786
0.966191
0.894024
0.954137
0.870835
0.871302
0.939536
0.876309
0.942944
1.078021
0.897007
0.906070
0.915324
0.912511
0.895934
0.983930
0.949603
0.961442
1.014873
1.011104
1.051045
0.947017
1.062142
0.966596
0.985660
0.922513
0.931048
1.073886
1.058316
1.009480
0.928916
1.024231
1.038067
1.044414
1.094312
1.000258
0.972251
0.954560
1.075293
0.973888
0.948026
1.080635
0.906022
1.068700
1.001619
1.070436
0.988123
1.006127
1.027369
0.924603
0.902701
0.932594
0.904713
1.069974
0.907708
0.889438
0.869087
0.985876
0.912424
0.907323
1.020955
0.884863
1.013582
0.961512
0.943119
0.915905
0.881219
0.919400
0.895170
0.915195
0.964515
0.928913
0.989427
0.860787
0.939145
0.875336
0.988797
0.842690
0.790673
0.841549
0.912509
0.780103
0.804528
0.930645
0.898673
0.747862
0.743600
0.769469
0.761170
0.743163
0.864437
0.784781
0.734017
0.744264
0.884668
0.732795
0.730965
0.769131
0.757819
0.755940
0.661348
0.792891
0.756045
0.837321
0.818536
0.777433
0.710945
0.641891
0.786461
0.739688
0.698724
0.666482
0.651649
0.763542
0.630470
0.658438
0.614277
0.537985
0.645869
0.648264
0.542543
0.622860
0.560460
0.518237
0.485683
0.616657
0.577232
0.546859
0.537425
0.533336
0.570560
0.515979
0.610393
0.584739
0.417289
0.525525
0.558644
0.453092
0.439099
0.514025
0.500675
0.439004
0.372304
0.491585
0.421397
0.421949
0.464692
0.481436
0.290658
0.433862
0.382492
0.428975
0.408877
0.398336
0.219490
0.382914
0.329734
0.286512
0.229196
0.212563
0.271194
0.224139
0.174664
0.215159
0.262028
0.183691
0.111237
0.202434
0.163170
0.141644
0.239885
0.095094
0.064354
0.113563
0.185032
0.172380
0.100464
0.142444
0.118196
0.096198
0.138274
-0.038277
0.128160
0.099844
0.083062
-0.074417
-0.011812
0.063408
-0.094086
-0.109633
-0.008899
-0.077792
0.033996
-0.082878
-0.060562
-0.034607
-0.161930
-0.019260
-0.033852
-0.148941
-0.063889
-0.117494
-0.253006
-0.087335
-0.094240
-0.220238
-0.273494
-0.229403
-0.148522
-0.135976
-0.244082
-0.317992
-0.231868
-0.263974
-0.217949
-0.303437
-0.259336
-0.269393
-0.262148
-0.378747
-0.371529
-0.272972
-0.388473
-0.307989
-0.348882
-0.446792
-0.439867
-0.467523
-0.482799
-0.463939
-0.473826
-0.408159
-0.356499
-0.470481
-0.489463
-0.406018
-0.479139
-0.413731
-0.402201
-0.419954
-0.545821
-0.499783
-0.511466
-0.628489
-0.618057
-0.559357
-0.626543
-0.658535
-0.673847
-0.582966
-0.506542
-0.651990
-0.662309
-0.678488
-0.691581
-0.710335
-0.560610
-0.681673
-0.648101
-0.662196
-0.753158
-0.777427
-0.780915
-0.656274
-0.785527
-0.670092
-0.657753
-0.794504
-0.761917
-0.749467
-0.818111
-0.846517
-0.762318
-0.860700
-0.808124
-0.816669
-0.791638
-0.720319
-0.829594
-0.766232
-0.730387
-0.819940
-0.862410
-0.886638
-0.772710
-0.902374
-0.859810
-0.883239
-0.942686
-0.924048
-0.850046
-0.790153
-0.931327
-0.849915
-0.862493
-0.940839
-0.972679
-0.982308
-0.872930
-0.946529
-0.838261
-0.902706
-0.959107
-0.857771
-0.841430
-0.967631
-0.970596
-0.863898
-0.894141
-0.877161
-0.991616
-1.016228
-0.994231
-0.995103
-1.019364
-0.932095
-0.963795
-1.050961
-0.944798
-0.978570
-0.913680
-1.024423
-0.938967
-1.006694
-0.995009
-1.040128
-0.946922
-0.981956
-1.020680
-0.983452
-1.027435
-0.930843
-0.950747
-1.063286
-0.931146
-1.054108
-1.034388
-0.973088
-1.081340
-0.929768
-1.067283
-1.058198
-1.035043
-0.927509
-0.908848
-1.007894
-1.058420
-0.938477
-1.076494
-0.909073
-1.044025
-1.013296
-1.022178
-0.912047
-0.991979
-0.926748
-0.905801
-0.982641
-0.946947
-0.920029
-0.973529
-1.004394
-0.994920
-1.037588
-1.035162
-0.877369
-0.953806
-0.920665
-1.050276
-1.038177
-0.935624
-0.970486
-1.044457
-0.954774
-0.999311
-0.976589
-1.032411
-0.922707
-0.881906
-0.968932
-0.975875
-1.027914
-0.847123
-0.955721
-0.964867
-0.895925
-0.960839
-0.829996
-0.814160
-0.949715
-0.828473
-0.887925
-0.839184
-0.908759
-0.802306
-0.797392
-0.955423
-0.913685
-0.829258
-0.817485
-0.915418
-0.887822
-0.800193
-0.863451
-0.801862
-0.914214
-0.840285
-0.899426
-0.801725
-0.738597
-0.883140
-0.801454
-0.808479
-0.689429
-0.858049
-0.660873
-0.781833
-0.695900
-0.735333
-0.726409
-0.631532
-0.715157
-0.631638
-0.608382
-0.665056
-0.608595
-0.766542
-0.592460
-0.613448
-0.638670
-0.657509
-0.719493
-0.551707
-0.525210
-0.591769
-0.617679
-0.600892
-0.639642
-0.504303
-0.628491
-0.600848
-0.546481
-0.575892
-0.578832
-0.621701
-0.625335
-0.482510
-0.492252
-0.521718
-0.508556
-0.449578
-0.470186
-0.442520
-0.400975
-0.385495
-0.358011
-0.464404
-0.477728
-0.327464
-0.453523
-0.453278
-0.372678
-0.425065
-0.336140
-0.308535
-0.431157
-0.352548
-0.348600
-0.309979
-0.215708
-0.364272
-0.279367
-0.288623
-0.188762
-0.277214
-0.157581
-0.255258
-0.161673
-0.297908
-0.231911
-0.145958
-0.178080
-0.145152
-0.194557
-0.126236
-0.164488
-0.123305
-0.098969
-0.064076
-0.203118
-0.128496
-0.147220
-0.096408
-0.052258
-0.144646
-0.069683
-0.081734
-0.052450
0.033655
-0.050282
-0.081184
-0.078405
0.113677
0.098782
-0.055054
-0.045208
0.104681
-0.022539
-0.006645
0.183477
0.014640
0.117924
0.045133
0.078554
0.043158
0.223148
0.069285
0.066971
0.203542
0.227690
0.125835
0.220611
0.217577
0.290249
0.328098
0.325350
0.341935
0.287000
0.178715
0.273799
0.334084
0.358248
0.391320
0.320631
0.233039
0.394415
0.433679
0.457603
0.297863
0.405991
0.357090
0.476670
0.438463
0.324269
0.348044
0.429700
0.454665
0.372587
0.396625
0.567150
0.379873
0.562694
0.406752
0.575768
0.444905
0.614796
0.610162
0.490156
0.501828
0.469026
0.535351
0.551931
0.542370
0.602455
0.674171
0.573187
0.623293
0.551858
0.571620
0.702384
0.694560
0.554701
0.628083
0.707151
0.597748
0.718834
0.727120
0.746359
0.753228
0.779330
0.805378
0.677303
0.794883
0.751248
0.818803
0.688945
0.749793
0.755468
0.763601
0.822931
0.685756
0.799420
0.884874
0.891914
0.862339
0.848338
0.754699
0.888045
0.919386
0.898955
0.907968
0.749510
0.805686
0.835299
0.870851
0.860700
0.960062
0.905653
0.858901
0.963333
0.857298
0.799359
0.987529
0.807436
0.843069
0.981879
0.929788
0.834895
0.986285
0.857199
0.996290
1.027435
1.009500
1.013472
0.846674
0.938318
1.001908
0.870393
0.914061
0.966885
1.058880
0.950124
0.958561
1.032407
0.879988
0.936516
1.009526
0.927564
0.926544
0.941876
1.014003
1.043021
1.004678
0.992469
0.939089
1.090701
1.031770
0.977182
0.944765
0.927013
1.084406
0.978001
0.979796
0.967329
1.079919
0.914544
1.028568
1.086995
1.034421
0.962101
0.920567
0.904825
1.081168
1.074889
0.957713
1.035313
0.906262
1.046514
0.927332
0.973572
1.029689
0.990390
1.002158
0.926145
1.042435
1.063268
0.913018
0.887344
0.901692
0.999152
1.046978
0.983879
1.039017
1.028168
0.907374
0.936495
0.987635
1.051914
1.040356
0.990123
0.895185
0.905937
0.948339
0.883911
0.979525
1.023648
0.884622
0.862183
0.949034
0.834408
0.944904
0.982691
0.839996
0.808886
0.989916
0.861976
0.903969
0.926910
0.901676
0.925390
0.904819
0.780095
0.884979
0.823029
0.758768
0.766864
0.886913
0.894740
0.857260
0.881863
0.808526
0.841723
0.816524
0.848569
0.734791
0.844096
0.769578
0.699026
0.857100
0.759944
0.730471
0.829826
0.738759
0.809326
0.809508
0.690428
0.710539
0.662784
0.757836
0.695624
0.654405
0.737789
0.684473
0.673223
0.678619
0.591990
0.571177
0.624314
0.552354
0.512714
0.613579
0.541459
0.675949
0.555963
0.637107
0.499512
0.467850
0.477783
0.521935
0.492783
0.533939
0.411945
0.559589
0.566085
0.455009
0.559648
0.475177
0.460049
0.515753
0.516769
0.360048
0.435495
0.473185
0.353896
0.321929
0.360361
0.308893
0.416696
0.281971
0.250958
0.407882
0.393181
0.339477
0.241941
0.395781
0.360526
0.335358
0.369943
0.217732
0.202602
0.287584
0.174505
0.255805
0.162965
0.191387
0.098067
0.280826
0.075455
0.201397
0.142761
0.171907
0.053222
0.038588
0.213616
0.109647
0.048767
0.124573
0.138015
0.106842
0.028442
-0.045484
0.045706
-0.032150
0.012636
-0.061450
0.013632
-0.094738
0.014378
-0.038767
0.017265
0.038701
-0.152569
-0.052643
-0.112907
-0.151669
-0.177442
-0.138344
-0.179108
-0.040049
-0.142472
-0.200843
-0.235503
-0.244516
-0.247738
-0.153653
-0.296757
-0.299341
-0.197651
-0.212034
-0.232648
-0.156014
-0.295625
-0.185558
-0.207941
-0.285319
-0.295203
-0.286043
-0.409928
-0.317080
-0.401831
-0.379667
-0.432077
-0.301803
-0.461993
-0.375517
-0.395221
-0.401438
-0.350417
-0.378949
-0.437438
-0.536656
-0.377730
-0.513157
-0.497057
-0.385365
-0.425144
-0.553660
-0.428266
-0.411867
-0.463276
-0.593208
-0.550047
-0.630948
-0.632011
-0.500540
-0.557893
-0.565425
-0.505579
-0.529798
-0.558005
-0.602722
-0.630268
-0.596692
-0.593303
-0.647087
-0.607439
-0.597612
-0.594683
-0.571979
-0.694307
-0.679883
-0.764092
-0.615361
-0.789054
-0.682593
-0.774903
-0.811439
-0.638237
-0.808310
-0.844044
-0.706876
-0.773641
-0.822332
-0.709105
-0.866133
-0.834198
-0.843028
-0.771548
-0.849852
-0.791832
-0.835893
-0.898125
-0.912167
-0.825005
-0.917946
-0.818433
-0.827631
-0.807229
-0.929481
-0.877201
-0.920761
-0.968505
-0.874819
-0.913090
-0.796022
-0.842135
-0.877049
-0.902963
-0.966101
-0.925586
-0.971863
-0.976217
-0.878701
-0.956811
-0.923329
-0.933791
-0.957423
-0.961682
-0.914114
-0.942987
-0.874361
-0.979716
-0.884563
-1.005020
-0.882695
-0.895082
-0.969624
-0.999898
-0.903540
-0.914835
-0.890796
-0.980842
-1.035526
-0.941254
-1.043563
-0.958902
-0.924110
-0.944667
-0.928983
-0.963345
-0.902154
-0.994892
-1.069410
-0.994375
-1.079798
-0.997887
-0.902156
-1.018499
-1.002135
-1.011281
-1.010451
-1.071388
-0.971230
-1.073703
-0.921407
-1.041095
-0.990277
-0.985377
-1.018838
-1.037851
-0.901083
-0.915430
-0.898294
-0.988282
-1.022245
-0.922088
-0.910798
-1.066832
-0.928926
-1.034024
-0.969416
-1.066714
-0.938519
-1.051228
-0.936028
-0.961443
-0.952834
-0.871147
-1.048634
-0.887732
-0.913468
-0.940377
-0.984261
-0.869581
-1.017447
-0.999575
-0.994190
-0.896534
-0.839473
-0.893987
-0.969225
-0.828780
-0.861197
-0.984752
-0.859764
-0.846566
-0.811486
-0.965593
-0.801134
-0.810474
-0.824695
-0.832968
-0.883668
-0.783862
-0.885758
-0.926164
-0.783954
-0.921689
-0.850067
-0.901615
-0.772415
-0.858159
-0.762793
-0.753379
-0.809649
-0.762501
-0.769478
-0.711481
-0.864878
-0.718175
-0.776745
-0.792101
-0.676592
-0.757226
-0.797550
-0.795681
-0.750894
-0.794031
-0.759731
-0.675104
-0.743596
-0.753546
-0.791234
-0.770445
-0.601034
-0.663718
-0.654536
-0.567091
-0.551370
-0.728071
-0.554860
-0.663780
-0.569978
-0.579139
-0.659056
-0.533414
-0.571538
-0.657297
-0.534309
-0.549434
-0.490331
-0.468187
-0.635037
-0.436035
-0.618645
-0.573845
-0.501495
-0.534546
-0.460437
-0.407868
-0.385061
-0.477024
-0.377667
-0.361242
-0.469238
-0.495471
-0.359846
-0.410326
-0.477968
-0.355952
-0.372409
-0.401888
-0.383174
-0.277854
-0.363579
-0.397081
-0.260583
-0.213094
-0.239101
-0.289292
-0.333096
-0.209582
-0.335184
-0.203148
-0.293662
-0.250982
-0.241235
-0.128549
-0.283587
-0.208586
-0.090187
-0.121516
-0.136652
-0.174774
-0.210612
-0.048346
-0.107139
-0.048233
-0.105191
-0.102252
0.009320
-0.130620
-0.009907
-0.124725
-0.126860
-0.057222
-0.109691
0.082709
0.005312